$ANSIBLE_VAULT;1.1;AES256
31656338356162643035393234633330316339666464303261363737343439643032653033346562
3536643432626366353535303965653934653038623766650a303732393064666465663530346439
66613233386538306539306365303937643634663534396235383131353633303734346233363333
3536613030353866640a643933393032626238353532653439613864316434316561616566363063
61363666333035653731316532373536343336656165393633653361306331633039616334666264
65633664313838333965313866316162356132393064343161336137326434666533666330653038
36626639626330346638333531373638393430356664326264623330343163323361306239343339
37316430353030383765363037363936303661626332353464333766343463363831636564653762
39363763393330393831623565646364343433623736643563633835663036326566396137653635
33343362653133316233653062643561313135346261666530373330633437636461646631653265
37336234323533366361343161303236306534333366643437623539653031396366633733343130
65353863663165626561633461636630323932386362306566653265393766333130646332366436
66626533656434376365646432303933346531653035356362626266666532363738356366306337
37633631343331356232633530613635303132323361343635353334323661656561376430656239
64323132623765363832353530313232613138323865646334636431633362383232313666306632
31393538373462393333646162373734616339306466343163636165306163343035326562653766
34643239323366336561353334343731303265643834353263303837636361333332393364393334
64646534376532323332646635643239376331343934326363343730386233383936663139663430
65343632313433653333346238626165353636323731326239666631633336393532333333633435
37363430353334326236373265343631366561366265663431333937613633643738333838323365
64663765373066333536313437306263646539386235333230613833316230656438663135383066
39323261366231383438393062653631306431303839643336396531373236633631613430323034
34626337383139373736323339366330646139643233323233383164376561373136616262346163
30353038643066353239346133333463363863356664613864363866356631633132653534313332
3333
