$ANSIBLE_VAULT;1.1;AES256
63363939646530633530303331323438336366326635353536366138353963306339663764383664
3465613935303461306666623362383930346536376566310a633136326235393333326131393563
66343163356535626366303034393336306235616133616330316133663664363236326230303263
3334643937616161620a666139633933356534643637303434656231386335373936333235326130
38336531313235313366306331633033616338373330633865633561393562383265353964613866
33643431613164353639343437616566333333326530326566383764663132333438303939623832
31353839633763663466623162363862653437343335643837363566343862353464623363386434
62616434623135353438663739353265383434653261316233633063343162393235613030646634
62633865646330303563303734613337313933626666303536373863643163613636316165303536
64646665366639626133313334623664393631356462343065363937336331646539353864343166
65613033376462343630323965336334386637303265323439396339653839346265626230353163
33633232656132373761613561663430323561333037313530373632396535333539366632643039
61353761376263663237346531666136363934373762356633616634306461666230633234316439
32363732396266663162346364616639306239623763316262636234626565313366613839636437
31313465363364653935396139303939373934653664643561333237396664366134636666363638
66363633303030653531653332643539363237383735373736383539373665323337343136663862
65616261653834333338313766346633323366646663636666363161663966613934623365646433
31306438373762333665303163303465346161386662636439303666633336643938666339333461
39633839663335376439363438346631343635373965363061656235616639623430326264396236
63323662326564663966316164323134393936623839323739336431393835363563643038333535
33306365656339393862613962336234616664636637376231353763383432376336636631636136
65636362356630376238343662363161316230373461323933623430316336346161363934613563
61363164653662363832316233636134323433616130356632343666626537643061626637656539
37666331336435636132363132313737623038343234376135363534306262343864386338663033
36323132303765386534623432333361656234336465323236663430306130663538306431636463
66363637643061336531656464663131376431656332623332613331666631646535646133316138
38653066653862353939306566363335643836346238643564396461653835306133633935656262
65666530373837613465313339316331353731613763383565346630343232623465323732646531
66663661323332623930633237353661383131303830356465616466343737636235643837306663
62386636343361366634656661656362623866646435666530306339323464373238366462643939
30663835363538653838346264383233616262383862393064306563376264323138376534663635
62373731373035313461656562383230326434306562663366656534336235373966343831333439
33623238633461343464383033653333336163663131336639636462313938633561333463353137
35613964336465363139376637313365383133316162336537636466613263656437373634333936
30333930306566313937363163373632626535383961623865646235323461663632353432646530
61653835326535303037323562643734353961393764613366336232373638623563643965306430
36613863646532633931666631626365616538343963313039383136303437616663343762343538
66663432316663353239313162356233653966333063663432633835396166303135366235346332
61653563613863393039393839333863626139313231306336363130333034313864333236386637
36303761376233323031633065383839346130663334323037633565343261386335393363303235
30313362643732353139626464326335646634303632356264373163643430343863656663623230
66663034323737333231383562336239326533626634663939633363623635313963386234643364
34643033373938633934613037373430666537643461633730666239333839333665646466373437
35363630343734303032623238626230653232313336396566333132613738636436376662343035
63336537353839363530363039663766366633373434356662303964376433623861666363663637
32333965356632666263666336323538303435396332646430383531626639643336626333653762
63666438656237623434303531633261623635656435343036303338346538323639626361306661
34323263633665383362323437633639323537616334303635616566633737383237323566356666
64646535633039326364356333353866343236326434643736313164366139373631316266393930
36396465306661316238363336653733646331356231316563613536313034303564643664663332
65383561643334336664346136623336646132356635313463326432373632306361323362613834
64386164636130366239366133306665646339653463386531393162383238333038663166633539
65393134633436626531616339613636353533363537633635373766343466383364343761643733
61376264346566333565653433643235323137303537383862343565633164343662356130363737
61303232303936653231656237353235393063316637613963636439626336663938313438346337
30376364303132646230383166373561373464303664633464623633613064393066636465386666
35646439386135613264386663643463303737303734313937326333663335646136623839313337
63663433323539306532323039323166343331633865353738643561396235346137303262353034
36306363626261663665373530323830353731666139633131393438666562663961663865313032
37323961356465636433356165363865613963376566383465373232633561343832363264656138
36316265383537346564613636616133366164333930323039653133306365343234363535383135
66343431326231333965336132653662633065633331633834316131303164383837363635616361
61373434643335663635636130316266386536313563326537353764373462316262306466336630
61663634373531383339636438613837656632633538313531653162646433636630663438353134
35656231306364333731626562633766373137663563336264303131663635356131383866333261
63626337396331666434343334623033336135323335343437333464353466346334353161633138
34613462626337643938663331353863363836613737376264343436333335643337326430323838
36383932373634353337626361326666323433373266393132653838326666366534393639623231
62613262366163353539323364306139363765313831306237326532643465343832383861623561
35663231663236643834653963613361633137333738643363626134643365386464373161346638
39396233353463663437613433393064386538653332383035363237306462303832373063393765
35346166323237366534363231396535313663396332373339366165316162333435653336626166
38336635333633383133623061623139656233636538633735353133356138376564663463353131
65383361356133346464623266363066633338656165353564396261623334633061616561653039
38323364623934353332376661396663336236376431383966393338626663353565613663353135
34323239383436653433356233383561313735343861643438343965326632303235626634333936
65376661376239333264313463343636656431343035313434666338653234643637626139313663
64366536633932616431316630353431333234663764353234663466333339333139663664646635
35306530636161653237396530346165386363303333386238656263663863643265623866383064
39383363386637643636663336633330343163353537633636333831636666643666666265383238
62613964613966336538363138343133313632653435353931643933353330343964366363623139
36363564343264626465366264386666643033356135613761363961373663353838613638383735
38323066623263306439313233303339356464333835373033336530633234643563613066643631
30323134343665336563373632653062396165363737323663376233643234373339316332383035
37323033663465323666643462393632323838663438333335656336633138643336393262616334
64653137353861333632363663376237643939393937646637313231646238643835313434613434
31616435303533393561636133306465303736616234326236383131356564366562373163656663
64313264316336373138333832613165663331643437323939666531336166653935663366613731
35353134363939343732393836336264326639323066363036313037613835616334366431373463
66346538643831376332653736386163616236393930383633616230656330343961356531666435
38306564343535633765336466323632373737313736343632393235626266303866363661666432
65316263346237353365663337333637333365653164656230376462656162373935393466613338
61646539393664666361663339636339323236316136643662366530383832386432393964353033
31643666626261323732383039623832303135333131613138313632643438383730303634626233
30336230313639376462386633376137313734623033346161393539663139613561653662663334
33346232353730663362343362323332383936666166623830346234643639643031396165356362
31346439393339356237656337323334643865303531333739626234396139373134656638663563
64383231376130336634383339353939393639396538316634656438303033313965626461303332
64626630653635373864666366353762366636383930663832376664333430343431356538303166
31636131633762363336656339643430303835306332353865643939346162623863306265613662
31366234653537393063393562666636313138386432306664666164383233363961343835393762
39313337356234306566343637376632333137666238616530366432663066336432353761643862
33363865386637663062623864653334326239373261396463623137633736393739633761346432
63383861393631623464343438636464666236386432333134323733383736663466343363313338
39663365323134316664663265373663626466623533353539636432363339623661623866313936
35316533616438613938303634396234343334363461646564393534666664653561336634373166
65636130343238343332663366373930626639663863306135653537386636383037386238366336
34353765656132306139626436663365383535303632643535346431313930346234646231373561
63363766616465663162333434303639303333613064366161313135333866343831613464353131
62626339663039646363633433626463313633383161623463306438366431643534613763323134
39333633323032353063383435363335316633613265663230343335303837326662643730343661
31643362616661616564306134363133353664613138313537366362346532643530303537666139
37646265316439353866616464393232643335373965363032386564353435396338396461313263
38656161396362303535613630323066353038346261333262303566366139306134646236343434
35363130663339653336636364626134646164316466663933316366303138313963313661303363
64636330383837373166303437393334306233653466376337363131373063646435643530326664
62353661653432313261636435356238383363306532643530666662323465643466373538336230
37313035653864643635623537626363646237306236623532663561663035643531366631626463
38306361333564376234306161646265613730613765626237333337303962663838393764346662
32616236303364636436333137613665303031623932386136343561323462343837343538336530
38626531333635346535353861336233313864623361353737323034326636303434333933396134
61663064306265356139613232353535376264396461366139613335373163313038626265663766
64333232313066386134363761373631396166633534663435356264653939376239336134666136
35373836663532356334373864343366623461393736373632313531356238356138366238393761
30653131646230346462643863306166353736356337346665663562316266633238663330626561
39343431393461363430613437623931316361643537343436336265353838303830653131633333
61626233353839626262653339646333393930333032396639383235333936633135323061366166
32306639356663363138323035396464323331633162356133663630303261623462333636373762
35613961666565353466306330653562643066656263656631303638646434313639346166623438
30306164323337396536326662613337663032366564626533396464363934633139363563303233
35663766313061626430653864346663363133336165363234613637313563366465313162303761
36376135353830316435626133613861306338656338633365346533613436363834363261333366
37653736393839636236613837616536383762326165343964613030633432336230386233353662
31333765356366303966643630613236636666326136343038323663663433663835646138373263
33326561656135303932663064303332653737356139366163656235346537666233343538326137
36383865653331376137343463363564663064386565626365363231633863633437393930336464
32303030653365366634343539363834343737393530636233306331646436393731613463666461
65626265363938626233636431373338373033366464313130646436366234326139653339393737
65356536643865326538313263376539373934666362343266616532663162343164326536313164
64343161316633616239376131663134396531353462363134303762343939653135633234313661
36613864633831663665363433323766323436336238383037653861646539633535653730663533
62323436613464366630383237633138613163313834386139623937376432653539393562323962
66313866616165666537626264336530343033656138616631613932643937386561326534343934
34303832626162393330653030666134313831643066363563336430613266316638616265353737
30346133646263653130343463346364636335353763363937366532363438326565623636623364
31623361396131396630333462363838383439306336666265303137303137666630353637306365
31633762393061666462373335643332376261376637383139373862626239636231323635396438
35396338663536306334323939623439653165396133636138353132366137393165663765643466
62393236313165376334623961383735316633636162363930386330316337386130353066613630
61666561313766666265393739613263636130366631363566326136346436633261333462343166
65313261363333656363313132366332346438626634663862646161343539626366366266663339
31333461356538363530633938306464633265383630373632383661633561336361303735636232
61366333353037633166363164333139636264353539333737633138316461626533376465363533
64656661616566396132616666613333613331376566643766383936626533373266393263393738
30306530623865323139633035613162346633373835333036343031386162383566363135633363
36623462396230663463336439623663363338666565356431343834653462326361333234333465
66626532656461343433386666366561643530396262386661383766343834623562373666393462
65666635376164383264386464633963396139653139353266336638366232323031356632346332
32653865366630313736643931636130646464636137353037343766346230613838346232623938
36663862633133306236333163636338383439646132376363643139643431303435303839316332
39333864653933633836343861333861323061656666643636623166663133326634366236393634
64303838373534633937366566643039653761333139326132373739333762363739356561303264
34316262386461333866343038613833353238313535636336366132353536633437646135333134
33313239383064616631336562646365663761376335613831613863636464663533353066316531
37623932616432363562653436373935383036383064373866376439363131656630343161386632
37346533653232303462333265653963626538346162623034363464396363376630336434363266
36333235633366396262623563356363393364323137636431353536393230663465623664623133
61313739653261313164353932323033613261616161633134383532616165323866373736656431
33396161363237623835613339636338613466313062343133663232346361343562666233316337
62383938653336616165353036373965343462393565363030336562643032366665633135376566
65636435646433386538646337303839383961653638303765346432653539366638366231343930
65626261313766383133333739646464313936646333626362383736663330306338343563366530
39656634383333666433656663323930666137363261653964353963353431336566
