$ANSIBLE_VAULT;1.1;AES256
35383732623233363137666637653863353636376336343135306165656135333734626431643161
6566623432316633373736646261666435626361323363330a366539386138626235373965346639
62306537306230343830643437343630303964383735636161313139376430653864616236313137
3634363163336561370a376230383666643766626235353764323234393965626335356633346333
65376433663238313530336530366438383363373431343831613465636163613661306434313565
61313536393262343064333831373934623830623037306336613564653661366132323665623865
66326432383163633831366538303336303634626461376163353839343739633531343130353036
63366466393262373837333032343234643939383937643638643362653562393533383663623534
63663438666331636532353135333463626436343661333731323136333032663865336638616364
65333832393537656261643964653230383634386265653036333364633631343065613531366132
30316261356264313836646366373863623962376161373163346236313033623433366634613337
62653661356462633538376435333032383032336461383333663265623930666534616433666633
62373633376161313963306637383236343038306133336531316261336536333431326333643630
37666534356336326135393464313134386333356134626536336533373866616435666437303936
35653364623266633161633131663464383335396561336431386538616236353065306433323531
34663465396237363762303863363162343735373935396561663463646136646165653665346331
37353134366466613236666435613463663365636434386430373866313161363236613238353737
65316463633066613962356233633232663366326237613439666530323732376262323034626561
39613963623733633966393865333736303562653561386333396162643961343735643431646463
39373730343863623163303838313861376262356239356231623561366131613930366236343761
31386261383266343939353030343964666638613532613335613462666332393831333735666662
31623361646438393531343461396433303637346266353835303838343965323237316635393430
34373966373061613533306562306238303463303230356430643962336335323464386166303731
38623533396638383231
