$ANSIBLE_VAULT;1.1;AES256
36313738323362373633393731653839356661376536343863336438326136313766346139643165
6334363037393438646364323862316131663033633236390a366462353434323031353861303836
31303635346432386232656231343665323133613239353233666538653066623433326633613136
3665653836316439300a343861666231316639306163346464656530633663396535303562376663
37613032633236363761656265353664313663343733653461313733313565343361646131343739
31623261653966616334646436616235663061333330623339646238393031643135333735383335
37396163316530303333626438623032636536313362663337633161303331626564333337653431
33393039373937316364303133343863363731376533393637653466356264666338626564663664
31353135653337383365313439636330393032353835333134346136346161386461366464353464
61356264663637343934633633323737386431343366363235653137333366346563323038663364
34383930633036313232323662653262393535613934653961363230333935383439343930303338
34333938366234366134323337383033303862303435653033636238613864666462306630306364
31623732376134383534383764323663636530626633643538303835653332383266336534616637
66616461633532643832383734643939383430343534613131666431303466376565623162313062
38613663643131356364306436326438323266363566336631373036663965346433333466366161
35633062636662303033313338336433636638353163366162343465306130363637303931346634
63383830643935326365313433653566613830356335313038636437343732356661313261316335
39636433633836623339353331636430363961343332663439626666356561313466643039386666
62396137343862363432303762383061343130313233616334386134663832366664326365393139
38303738346339393165656365383264306133623137336430353939656536643238313937663932
35653738306234393461653365616136353361633136643434366639653862376237316437373031
31323364633863306633396166366137663432383865396638656533656333353633656364656534
65656332313431313535323032363164616538313063303535343631613066313861613364383666
37323263343835376562
