$ANSIBLE_VAULT;1.1;AES256
39326664383165653339363939663538663464393565623335386134373561623435306461616461
3539643264663430386532643166613737326665353136370a626636653437303763653236336465
39656265636165383938386134303737633266333166656536646463306638653235663466306662
6364663161336631330a623334373566336331383763363136303130393832633336666536653363
38613432653466353763363831363465333161663738663639386232396462353632313133633232
38626237306234306234386338653333306633623330336238616162353732643034396264306338
38396464366538356364326663333562303761326665303830356132343935396363393735373536
38633432386637663538333039386662666639363964636530386635366335373762366666373866
62363630303337396434643933353230386662666561653034393737376531393634663735363265
66356332303938346234346233616430613231653566373264636265316334356332663862336337
63623562306434366437663434303162306136303534623663663739613339656334656263663936
66326432643266653664636638376465323438313861383837636262646462643034383532653532
66666538333731356262303335633835363038623135643362313232316432336365613763303537
32336666313266303362366433366262643164636263383934633437393738653534313038666132
64626439326336363161306362326632633231356236366133336537613631613431656138353064
62643137353732326438643062393265643962396164373962313266303464373436363361386331
66633362386661646338376339616662623934303638646161396161333735623239666337323234
38653962393231336130623331663634623035626235396561306534396339396233363062663739
62623230393733613864613833393561616361343332313831343838663534333861616334376439
38613436363963623764353966363964663363653961393162373834613536303638346162333065
32383637653964626366383330393265656564346464383137626130656339376666383164663639
39613863376561326331303462353462383361393963633332306664333634643732663837636532
39616335316430386139613833366664656466373131343965363263656263636264306435313237
38343436333230626339346462663332613737656363623439636430336533643764353361633866
65616165663964346331656637393432386461333261373238393135343637373034636561653836
30643134323565313639626630623964356139623739316362643233653539626538396564663638
38316534373066336134646435343538666239333736313562303133336539343961643432656165
31363833333433663866
