$ANSIBLE_VAULT;1.1;AES256
61303961353961383034396464636136386237313863396664303466623439356333633461386432
3363396536383435343231623332643862343266646135630a336165373163313831623565383866
37633666393463653530663134646361376632346665303236386665626537366266383234626234
3133333732626130620a383532393865636435623634613231653435343565373732653233386533
34653662343931653862626132366166386230363833363762636530636330613262316336366661
38613264316238306164383037653862653066323864313936316561613233626566616338356662
64353034353262386537666639643232313764353463306637396634366531383861653435333736
33306336386436366165336333353837633931323161373235303439366332623431336438383631
37613033363238303838313961396330373832396532363834373733393162333161356535316532
36656235666334316336363966383864356162376531636530326364366263623464616662666537
38323937306462346636373738326431643364363739363663653835663163633239623066643063
33376634663035656533623161323562333162633931366634363962363337306163636266323732
37346231373038363739383637353731323836663837393139303535386466663462343334616234
32623231336264636266643334386138393963353966373064376239353631303861346332346365
61613038346637616265326134346434653061336539306438353434383839636566363636313237
63666533396530306632356164663034323064633266653761356163643363333730366439383533
36316362626561343833366466666265643836366430376266373238666337633965383739643364
36363134316332653238323065366335313337383039616634333134643765303362313731313531
64653831656139376138346365663435323866306462363538633232653034636136363361616138
61626166363866646132313066383465623063303564643333343365333239373534663164653330
32333666386663353431393463653564373035306434636430373234333865633336663636313165
61353261623064653435616264383532303933383763623563326437313435653366316263356539
36373638653065313538356133386538353765313261393361366461623764316631323537393737
33306338376265663235
