$ANSIBLE_VAULT;1.1;AES256
33616362613932313363643034383365633634633837633461336132303863323036656135333632
3338313861336331376661666239343036653531303630650a333065656137373432396262616634
34613033356638306138396662626263303337346439316665393231326231623634303135666138
3535306664633036330a333139383836653435333538313864613232616630616535393461656539
65333034663565636461313134623038353436613763383262363264303131623334326363353262
35393834343038396437383064363537613666653539306437383533633439343763313261663532
32656463373365313039346635333734636630616264343633323366323933623134316634633732
34303966623563633065346135613135323063636531383033623637303966373765396132323465
39383538633562353433303533316436663238393234343466333539366330373639336361343563
34353935623565633235343262616532613635396162313636316164396464353263656435383838
30346261643366613864343233393563306561633363356365356266633034653932366236306130
61643933353737383161653262393333613930666639643237613534383635653337396232646236
64636338663362656562663764616663313637323630643438613761383362616331656565323766
35636238626436353865343635663762353465323133353865313066643163616665663238303933
63633636363530323732386565343539643963656139313535336238393331613439306430343364
62633363326332663633343136326532616436323737636634306337653230383266613336613264
64616133633439373832653261396539356563396530643866373633633436643537643434623865
31636661373466333064376661353831343633323463313462343235393466343234353735336264
33393636373039306439363164373563356663393633353731303733613836633537376465373261
30643237653861373036633037666339343734383333613233343332633434653035616338363762
38373637383965323765343662366464383762366236356361613438383932393563333839313237
31616133623364376262353066646639343134353332376638666535653061633738303263663237
62633665643231623130383163623761373461666464643037636565386537643435346533383837
33643062323832376637323165646465656664656231613538336236383161663864326638393737
65396532663831653134363664356364323530316665316438663539656630386263343833393266
39363238636263633563353536656135666232396361663932346138303235353039356330653864
37643363396264633636346366313431633336656532616562656163303437626639656433613231
62656361636165333862316135626265663533323962373266383630376463396162346566613337
37323933316262616234366431643732363535373530663836363066353361313665613962663262
31616261613864346166643264386530313730366665353961373134386338383337303637653437
61376439363862656636336334643635333236376265303335626630383535613139373835373339
62343932333037643037333336316130343334636665303165613639363331393033643436323063
66356332383334306466353066666339393336623762613130643739663162363836623261633331
65366566663565396639313263366264666564363737393461333761303934616166346433363433
39396337313235616162663666383866393736356339643165613066656564353435323134613132
66353065376639353835663531663063383736363933613932663836393833643937383435626261
39633934666262353165613063333330353437333562663138613463336133393538343061333239
62643963353835646631333836633664636339376535616231663235333333373961323538366230
64303939356164623561383037366338363639656531343062313865613832373531303066303264
37633834303332343633373234633461323737366532323965383039643839386565623035333066
30643439626262343230613266646636633537383331396534313563316238313437383935303362
38383334663239383635356563343137303138376133356630616334383561353531656663306665
37336161616662663533376538336363393132646566303231363435666639656134313935343738
33636562613133653735613937656563663039373563343666323131653566303332643865623738
61656538333138663232383635353865616532363938653061636462353162356263633966653862
35323262313735646336613465333531336532356465653339353565363863393565623665323239
34333566633236653731656538643036336632356536376261393036623837363630393435653730
36376664393365323332326366343965383766393766616661643063616330393762323334343761
63663837623935653663373161333838623765646265666333643237363963663761666636396233
64306535336237346361343430643237336565336364623361663766633666623563653639653635
62656338353234336332626634376239393863333466393536306364373062326131336134343362
61326334656136316231313630323831663964643932653264353961303031643631626639363131
38353933333265313432376635373364333633393564663431353132356334386436663136623733
64623539356663356333656230333366663866663633663132353738373764366238353832356261
38346637633537373438633865373730396238626234393232376339393939653866663931633130
33363738366262303061333137356539653939353332653566616431613833366235323537626336
65343363613830316265343637653565353162303735366634366531356338396434343534393634
30616339373163386332643534323439386639366565383962623333623162376165616436623632
34396439393363346366626531343336346133623365616163636264323563386335323835343239
37323261303334653835343062333030396666636437633665313363663465653361353032656637
37356137333832363832303366616464323330636130346133633230366463303364656637353239
31383333663662333639636466633236383837643235383763616236326330323839336666613566
35356336326235636237376631313338646164396232626364623265643562643336343632353265
36636363363331333962333534633765376130666263363437646334396134366361356435343239
62656566323361316233323934343764656264396661646261666530323930363764613336306365
38663662613737386462663965386463393435313333623133623133343862393563643261383361
61303534393737326565663263646562613232633861383032313463663161346366313633613162
39326163343336376637346161613331646361353235653434343637653262646430373864323466
61353266396132313964323961303266306261373765656338653264346135613934333664616338
66663231333937373631366430343235653932623761333532373364636635623664373934393463
30316464363937373234363638633233613531313937613731653532643339636637616263363434
39356264663331623861346431653163386239333933623064636233623230303635643235326332
35663635643733393633343563626235346431616134643835643534383462633530633630386261
37633661616533626261653638613131663839646335613462326338383762666661393834376561
63653733633036656531653132613863383332643830666365303234333863316664366266323034
65663765356438316533303637323638653435353333363065643432373736326233303839313834
63643237363862633532373131646564383834646463383832646266616166333533363666336361
32363434656339383261613830623163653663613137386333383133396335633263323063306665
39353736376331346631626666353262643230393737663664353536643764313030386264316264
65643335646661633434663836336362633362336431636436346531353938353734663332323064
31613036346635633637373032626432386531616232653233333438356637633434653739356639
33623361343933653466623462666639306333353066303231336335363064643533373163383164
33373366346563623937666439613438383932316165303836323362336335306135396336653038
38323563363037323066353833663232343139316131363437323433316538623766633433336330
65616339323538363031616462366533636630383830636230633538363838366437303962333032
32303562323063313930366661336337643938376337613436613430666334326631323139633138
61303935333364363034373865303935313463666262363435303162646638303833343730376664
61636639653831613238
