$ANSIBLE_VAULT;1.1;AES256
61656164633438356439336435356239656134366431303034353965623439306138313434303734
3831383037633863383739303263633239386231666263390a356462386538356337666631306137
66373032663930366437386330306130396332363234316331313138636637656235306430623732
6665323031396630370a396639343563623263303438643363316265376564303433306333363363
31333464336539373631353134323963653437326630356563646132323737633434623230343730
36396135646135626562666530393031633662313965383734306364346139303635336231303661
30386165663464633538616333313963343430363765633631376331643563326436633535346164
62616439383264366631313066613737666364386334343466616562653863346165623562356432
65346135373536313732366630333333646533346461363363376661333135393039323039323035
33353633633236643336336635313935663532303137376336383861393430666634653730316531
34326239623463626263313033663538306665326232656564663235616536623732363238363066
39366431346230613933643666656338643665326335623161613239633761306332366331633637
31656434396664353831323336656165333064383939633336636435653363373761323564393038
34666236343936316334326231653737346564623334343637326665373139353239636661353861
32386232623837363161633236623238623137396536393161663637393234323837353865343330
33613064613766346563333961326366303561616236353839613662343463383834353639346235
37613132616139623262383765633737643932376239623566393938343936333861643533386365
31646662343538656366633163313339666365303361313937313939303962333466626236356264
33333638623636306136303661643230353438373836346261313036346431326332303436653763
34303735646337313766326161663463623064336135623163383939616337613035636534616261
36353631386137333931306232343134643434333061326131303734613330613139313339313536
30373936306262656534666361313532616636663632393265316534396565646132383736356230
62616530386636633633646235366663396638343633616631333163313166636435643638636562
34373266373038376534386666643339373632383139363937313033383631393961663363643232
38623038323837336365313663633261646264333664306334646433383965383065663061363762
30363665663234646231363238383561623530616134616430393636633362353063633039393037
32643761386439656461303934373531356563323538653533373034326361303663333030376334
35383136323163323131
