$ANSIBLE_VAULT;1.1;AES256
37376264363136666238363436383732313235353531343439333764303035323230356661343065
3963303262393339333130333239343332386333623565310a356164353230333266353766613139
33336635623236643633303264343036383435323865353131353662643531376530663163333261
3134666435636430300a373364313963613239613538306639653734356561376661373432656534
36303330306433643765643961373030636339376563656331323338633735646138613565386562
33646431346338313333623936333430666131383731643839633933356634643139326536366435
66613463306330393130633162623636363436636662653731366531663636626232646336323537
66393162333536623566393439366535313664336334656664366431386261316664396464393561
66393630366662396431336634343632656164363661386635633363613561653464653739313764
34636232333632316232313164363765353834663838656463386464333338373862646361666332
61343064363231336162363338343661393830643963366137336361653238633965313731326166
63646337663736376264313032316363323636353038366637353661613239383165313363373036
38333961373166303432653665356462383235383836313061346235323130323563353033636532
62323365386330636662656534373961393933333561653565666264333931626139343138303130
33663731663837363165663036336165636337633631323331613838653537343063386638326362
39333366623265396338353733336531653165343935313830333331316333323363663232303630
32643061636132326163653061323862333235613135336265663466656264373234666434396331
65326235353366643166613563393562313237353562376332396165316637326263383033616463
66393036623536616538613266373862343734633538333964326464383732613963306431306138
39306464373462623564386636373964636639393738383136323533616566666166623738363030
36623333363035356639613933656162643664653161653966613638636239313831623334383239
36636236386530336434313734366166373233386236336565666465626538646130383935323935
65646233326131353966373231316662346130336231333930643062653533656433326235363238
66316634343161666165
