$ANSIBLE_VAULT;1.1;AES256
63646338633830643961303738646230353839336336663736646631643233323266656661313139
3163386137303133373232313734336366383437343439610a616334646566313433366132373166
33653436346265396630653233656566326565663332636536653066623832376234383037616338
3662393030363163320a356630356233653533663834353637393264313361333135383938663035
34636136653539323462383835653136623931636338313361313065306462353933373263353261
63336637343138353862393730313965363235343264383061323665626136353731623139623630
35393136313463376436613837663536633466383066346235626331613638383264666166656663
37343332306162376437343530326334643464346435656130636665613037356434383436663161
31613065626430386263336564353864633433636266376662636261383861323030633966656162
30326539653833343361303164353239333065353537646639653439663563343462623232633033
33396638393138643634323662656366333761623333396431373836373434316435346363376239
62643266643266373062323737376439396433313864333637356635323963323530666435313661
36366361666533323664626336323933663830623634376564343462333364653466353864623363
65633164353232396466663837393661376430626565303566396466363261306638656135393431
33383637613730356661666139633465386632636335656563313736313137383562653761353631
62623764663335613334613463636563623334353537316165663738333737346534376165363631
37376437666437346431623739326538353639623733336164633837303438616633356437613065
61643261393933363539623461313634336661666362346330663266356363376664333930383736
31613261356330333465353161633462616438383862623165393934633463373930643035643938
38343061666561613931653265313731396431623431343838613661396539333837616265626264
65663263323966323762363435386338363931616430386132626534383734303534343736633135
64656239363036393033316437373238323865353130626539383433313264623836373337393365
32646161376633383036343861303937663164383033366332616436336464306237313039393535
65386366386530646232386332666664646234396237363734396237343230306366353562363364
66323135393665333135666134663965343031363333316530656434633238336535626339323361
62656231323438303461613734336437363337323961633933646266653635663862653661336439
65373630393064636539373764333539306334303939643233646631396161393561356137656464
66646363636632326332386263386230626138626437373039616465396363313461353363393038
62336266386635323437653963343365646361356237643065646432306231626237663238636563
36613830386636353065383130343235363234316335616634336436396335356234623731623139
37353530363435333237316530396430343761613432393731306330373134356162303239653263
36643136663965303638366366323262656632623735633166333731626630393131326635346138
61336537376435666434643262316533323838373964336230343861323432326133346462386563
31333434373230633237613566613434653236316134653736643065313535333764663266396131
39646234613362656263313965636561313938356132613135386162376662356439613765346336
34373133376534623133633363666537643061373532376263656162626238383233633563653164
36653430653162343134316337346538343334653532333531366662336461343430613337646339
38643566383530313134366230663730646461393039613963633238336364346432643163326264
39326262313262393432373738626537643163303265396236366463343764333930393532636362
31613838313135363435616364393231303939393938623935646135376461636164326233376665
33343138336432626438636136633535636439303436393831303564353037633738373034326263
30323866663465353833353533663839373664383730383636626132623764646130663236316133
64303836373231663863666661633764666637323930336634313536623762633462323137326166
31393133303766386537323263613937663862343533323637353337323364313637643735336431
36643763613263626132353731323264336235346631346539386139376232623837373335643333
62623534376262363863626132383238663739373663373362326330333036316462623331333666
33363261303131613065626634306463613438393264346234616464663964613336633730643538
66376561666136636237653538626265326337633361633535653133326163313634363437343830
61646335366433636162643735363339643865653664343433313238373463343965343966333164
63313134343030653036343038393132363236346364643632356535613431356436646233393631
32633363313738653666363035303932326238366461623231653263333965343166313433353466
61633162343964336433333430393338353236613166653333666361306662343064363830303333
61343337646366386136326431623334373332623639343862653962386363656137366337363734
35363565326565343536616537336365633363633833633462373964326230313464346464636238
33626230336334363532383239383137656634323864626264343935373030323239616261636230
30343336396266613133653032323935353237306331383433663162393136363034643037326136
38306361336637373366386433633737383532393739663638646435653231633464306562316261
37663538313365303063663735636663623236633466376232323238626363643366623866636239
63646336313765306265636130393837373639643335656338666339663235323438393733353538
30313862623134323735666335373930343565323764323533396537636364323539333833663936
64303636666262343633316236363136373739643838616332303834663231386139363865303663
62383664626233373134666139313838383931633937643164386434396331643734373163353836
39376630373265346463626435393861353831353131343332623763666565396435353937373063
66643631613062393739363839353839323265363063616636656133613262376233363736313963
61316566613039636634616564653362663136383935393138346539303463616566373963323064
61663363663334613638376333646236646433623930363662303061623762376637343231323266
65393464623664616635666639663665616534623565663465663061366630363337613765353437
31353433616565336636363937336264333536633332353536336337356362646239396266313163
64323564393438383831643037376435643962303162633737353166646635316535303536653330
65626661306139393437373134393138363333633635316437663735383633643235373330633135
63313164343731373265376230653062373332663936663538636335666538646562356537616437
66396337353436376665613637356665656238343631366234383366356637346336623765333736
34663433353132663865376431666632366534633538306461303539663365636536323763393966
32626639336236633134323930396135643538656435396335363166623065653230626633653835
66636463663335363830336237663436366466663163303835613964356631333939313362383433
65666130326337303034363231393038663361623066356235663663336336306138346464633638
34636532306438656463643962653039373230336233373561363766333035636262313638323830
62626436353538653366663265323065353566633864353636636138613437616132326265336531
34663066363961356230636133653164616166663639306639336134653338643632313139636238
38633132366134303965386131343437313264643834653832383764653931313662646364623965
32636534383164353234393236623563373465366431306532333136316162383837343032363131
36663431623637643135653238306230376431373864313636326339646365366434633331343862
35393235386639326632373732386366616530643336633233376530646566653165323436656530
37306533366336336363653032353638303936623037633436636363623335366436343262303137
35663338303837306266363733383034653036366339623538393838346163633435353331646564
30356430306261373034383266323264633566613036363634663039313633393238383134663466
32626362353566613531386665633230346162303537323333386461646662343165633363613139
36616337633566643765
